10216
4098
8896
2000
17782
14329
18497
24932
29625
12398
14435
23227
10167
15524
622
31442
28175
4624
13333
20061
16172
11195
28492
30291
25534
27880
4697
32684
32107
22263
9774
26730
1985
22153
1782
30166
25968
27621
31470
16396
19894
12954
11126
5817
11802
3174
13416
8996
21597
29527
15784
27499
29870
14128
21244
6927
24605
10766
28190
13491
32594
75
26384
4385
25983
26531
16048
20366
3987
6549
30604
6943
9137
27916
28919
27052
17632
11071
30813
6083
20228
11222
1235
1520
3853
31822
20722
6971
19310
5790
18150
20723
12496
27419
29378
11178
30472
16793
28438
17793
21063
13779
32708
19878
1169
21261
20239
8474
9073
4855
245
24760
26090
17365
4287
10355
3760
6621
11478
19423
18073
28640
1240
15347
31566
31533
15851
31245
5702
30387
338
15414
8181
2405
22846
9895
9024
27619
20454
16013
25909
4438
1241
31242
17657
22427
11411
4476
22529
677
11855
30209
5765
1820
21533
4411
11314
26698
16692
12880
16672
11576
8841
19509
20227
12564
19873
26925
22181
21206
16803
30604
2452
18468
16049
21441
15383
6002
26488
13203
13159
32109
8454
22187
9244
16794
9436
8275
29926
15930
31045
32381
6525
8050
17382
16903
6619
7592
10901
19517
6568
14128
13935
13728
29686
11560
27940
20966
16174
18336
5270
13633
19786
9471
21667
7908
31813
6305
11070
27844
27344
23749
26309
31899
25927
7079
6798
7731
7907
5097
16836
31457
2865
23607
1137
5711
27587
2603
21211
19583
26149
16494
19220
28941
13842
26657
7373
29621
20456
6523
24427
11796
1882
30643
3677
16051
3685
1056
8108
5441
24709
11423
26835
5152
28200
6453
17874
27428
7267
31989
13950
3991
27876
28196
26139
30080
25128
2460
20780
28196
29678
25966
32138
20430
10219
5835
30900
19148
8895
20261
4198
4026
17704
21649
31085
11011
10613
22896
22713
14756
5438
30542
25268
23347
13139
20746
1234
1312
10738
8247
19817
6972
24893
12739
1476
29047
3562
5590
12915
6894
21565
1789
28132
10789
5939
19592
20792
18064
18433
7217
24399
15193
18876
16126
9765
25437
15706
32104
2658
5752
18905
5820
28972
31746
13502
18370
15424
26265
24257
9373
19521
7457
30919
18930
32079
13578
1296
10572
20956
25041
30898
29887
16315
24010
4422
28108
21370
20508
13025
7045
7666
21517
25158
11249
8220
1408
12121
1202
10535
14011
9175
18149
23239
13166
2629
19018
18383
13553
8486
21413
24834
27598
3697
2660
9254
17023
10050
29057
16731
15737
24528
26538
10923
7273
30623
29344
16866
8381
13815
23005
6304
7526
19092
21625
30380
13276
9887
20046
6795
25187
25053
2139
26706
18318
39
6246
31416
16129
11034
3045
19055
15226
13327
12831
24501
531
29261
20879
16934
10945
20862
19593
6868
2593
9312
31008
15513
26740
4029
12358
1708
10727
8605
22581
21875
19481
26810
28174
30104
23767
8244
21184
19807
20010
17286
24364
12343
19347
7865
903
4239
29845
11992
30207
1002
8308
26275
13473
19766
3901
11143
24186
24921
11270
7886
10236
6670
17527
1812
28324
2799
22921
28154
12250
11474
28046
17950
26393
21337
29554
11594
5967
8389
17216
7915
903
27659
14311
10949
23237
19754
23103
998
23345
17339
15687
31704
12408
11210
28593
15899
4464
29924
9888
24530
24827
20337
1456
6077
22061
17477
10295
12903
28593
27249
20426
5793
13928
12127
23555
28206
4948
25886
28546
18112
15541
2810
26162
16164
32369
1104
205
5305
25017
12704
27043
9510
30698
8164
30359
14412
19633
16928
19562
9850
17267
26939
18236
12000
25580
28173
19535
4679
23062
16825
26895
17919
11596
22589
25423
21272
29359
8519
7894
13781
32457
843
31770
20829
23152
3282
5195
19380
32493
20501
30355
26090
7518
7370
19101
9362
30041
3134
31828
23670
32466
5028
21741
30601
27455
4268
9511
1565
16889
1112
25809
28758
7142
28684
27533
23519
16981
2276
9941
6619
13609
13641
28987
12575
23610
2247
28405
22686
26616
12825
5016
30244
9554
3974
13604
30024
18646
23921
20545
2716
29977
13099
25032
14118
89
16907
31109
8212
15713
2753
27196
3755
19373
31975
15081
11393
13007
13529
15692
20460
19729
19399
28069
27834
17756
28168
32701
32034
11352
11185
15653
30459
26837
14183
6338
8492
1898
1905
7050
23908
11611
3345
3720
14859
12992
30229
1574
24696
10212
11433
12971
13156
18924
2415
6659
12702
10937
27602
7871
28929
4111
11415
30812
17828
19958
7860
200
26960
8288
4710
31522
14135
18445
3710
14273
20450
28332
13307
14713
14700
5699
32734
16409
20462
6096
24378
23608
6714
30001
18827
28722
22220
577
21832
17005
21757
10564
31420
1249
28282
20101
30993
30167
13557
5949
4526
32240
10266
6071
3523
28522
1989
11442
16929
19103
5746
1031
1360
11214
24565
6283
19419
17950
22635
9527
24303
4064
26480
21382
24868
1045
13202
10527
5531
7472
16902
30900
7497
27933
16026
23082
7826
30337
32747
28154
2842
11076
7128
28631
30680
13389
8246
23697
15212
26252
17349
12089
18098
2366
9059
31110
27543
20844
24448
23415
1579
14005
11730
7738
15352
1358
13130
30285
17811
20807
14918
12515
30320
12048
6408
20617
30458
21819
23655
23817
25827
2947
2756
27278
19897
2830
4928
7178
14267
13295
15660
9429
11498
15343
11202
3479
31843
14989
18962
16487
9707
13891
13118
8244
9164
5899
27370
12132
1760
8738
31215
2492
6379
25356
17231
13696
31021
9688
9582
4059
26424
26277
15231
22656
12288
23141
21308
8338
28977
29921
27354
8386
9925
4094
19260
15031
14037
6206
4711
10674
28591
25225
16950
9842
11306
3886
10062
597
4662
7717
11349
32193
8119
6295
27999
24002
31124
29599
8105
1268
12554
4179
8586
5028
29511
31998
18086
21298
22324
23472
13413
28857
15762
4601
25252
19186
30536
9713
5290
22358
9723
27771
24157
25219
2784
27851
2485
12257
14286
7462
28786
15493
22168
23785
7690
10582
31385
20429
19942
4206
12432
32361
6605
18883
16559
24569
27809
25350
22254
12637
3401
20171
1445
15717
21998
3819
22106
31307
27498
24102
23767
8321
2301
7437
128
7853
13378
1568
28644
3827
28002
27955
29330
4466
12168
3606
3374
12305
21909
11892
11204
12155
14100
5884
18011
29032
4464
10175
13262
19487
